VID-20211116-WA0022-mp4-frame00030_0003_jpg.rf.dc29bf86b881542f21a5f9ae21e3cf19.jpg 0,1,639,636,1
VID-20211116-WA0022-mp4-frame00630_0043_jpg.rf.dbe28ddb8a06b43460a6733eb2731df8.jpg 1,357,114,574,1 145,354,295,556,1 391,303,551,491,1
VID-20211116-WA0022-mp4-frame00855_0058_jpg.rf.d9705c3aa01edbd12803f0d5a498d3ea.jpg 371,479,495,640,1 152,419,292,633,1
VID_20211114_174507-mp4-frame00378_0043_jpg.rf.da71e1db00f28228adfc7a02f5df80e3.jpg 189,49,412,637,0
Screenshot_2023_1021_210539_png_jpg.rf.daeb0334e77f147b1f22a54c9b9e764d.jpg 0,54,639,639,1
IMG_0318_JPG_jpg.rf.dfb250b5eccdf147fe509a06498018c2.jpg 183,52,557,640,0
VID-20211116-WA0022-mp4-frame01080_0073_jpg.rf.e136028a788349d99ab0d4fbce0b79c6.jpg 139,472,269,640,1 312,498,432,640,1 481,358,610,531,1
VID_20211114_174507-mp4-frame00144_0017_jpg.rf.d8f8cf3a17f546bd5bb2dea4258fda07.jpg 178,43,382,637,0
VID-20211116-WA0022-mp4-frame00090_0007_jpg.rf.d9c9e178ee3ab5c1111bf14cb294bfff.jpg 506,223,633,378,1 355,342,462,483,1 206,356,288,547,1
VID-20211116-WA0022-mp4-frame00060_0005_jpg.rf.dfcb07f39328dfd4962623208224b130.jpg 165,404,250,587,1 310,407,408,541,1 463,306,589,459,1
Cuplikan-layar-2023-10-24-144132_png_jpg.rf.d7bca0e22522af2d1e037c0aa02c8f1a.jpg 1,0,638,638,1
VID-20211116-WA0022-mp4-frame00645_0044_jpg.rf.d998682a4f440a587332d9a86355f9b9.jpg 134,415,241,640,1 283,397,433,598,1
IMG_0286_JPG_jpg.rf.d6dc0c168100926ab57f18666b8b0aac.jpg 0,0,639,639,0
u-1764124712-2052924915-fm-253-fmt-auto-app-138-f-JPEG_jpg.rf.dec4551db3dc155e2ac1e1826a4dfcb1.jpg 0,55,640,640,1
IMG_20220221_163656_jpg.rf.d9f4cc47c04d267e8495fee56770456c.jpg 1,4,637,639,0
IMG_0313_JPG_jpg.rf.d77c29f831a93a04d9a4867a1a8639ad.jpg 1,0,623,637,0
00000123_jpg.rf.dd1023b98dd34acb10045f9c65d6c593.jpg 0,17,639,639,1
IMG_0313_JPG_jpg.rf.d85d335e3888aee937b03d0ee0d6f23e.jpg 13,0,639,625,0
00000044_jpg.rf.df902390624b36fcde3839c894653645.jpg 0,148,566,637,0
IMG_0323_JPG_jpg.rf.da6addf2e05ec1ba00b821e3bf6d525d.jpg 3,14,638,638,0
IMG_20220221_162929_jpg.rf.dda8cc7968f77afe51e27041d227b622.jpg 0,0,639,626,0
VID-20211116-WA0022-mp4-frame00480_0033_jpg.rf.e187658b3595726ff888b34b45a32e5e.jpg 174,386,282,640,1 378,391,517,574,1
00000236_jpg.rf.dc6e9e8e3dfefbf226c807cc6ffcfe8a.jpg 44,0,356,640,0
IMG_20220221_163310_jpg.rf.e256250c46bba507a919831fb5f6f8d2.jpg 17,3,638,639,0
u-2270790602-1808632345-fm-253-fmt-auto-app-120-f-JPEG_jpg.rf.e49b76c1db1031dd6bef73b3cf949aea.jpg 74,39,402,638,1
u-1807842158-2924341470-fm-253-fmt-auto-app-138-f-JPEG_jpg.rf.e2077caf9194765d822fcdfe36f6d73e.jpg 0,0,637,639,1
padi-blm-matang_33_jpg.rf.e19df89b4ed7f8e0849767709bcef2c3.jpg 9,0,635,638,0
padi-blm-matang_41_jpg.rf.e2d38ea9bf7813a20da19f76b0988bd5.jpg 1,0,613,637,0
padi-blm-matang_10_jpg.rf.e1cd967683b32445e6ba22aa7b4a89cb.jpg 76,0,590,638,0
VID-20211116-WA0022-mp4-frame00105_0008_jpg.rf.e1cea2990649e24a6828e9a04744829c.jpg 199,293,327,474,1 368,314,466,463,1 532,216,640,389,1
Cuplikan-layar-2023-10-24-144837_png_jpg.rf.d873de167d4d66cb01d953d8b87b2813.jpg 0,0,356,639,1
VID_20211114_174507-mp4-frame00198_0023_jpg.rf.e3c2efc1a1c280368d34b26dd6b362cb.jpg 272,14,364,337,0
IMG_0247_JPG_jpg.rf.e4bec2b0be0ec06c506ad501cb5228e4.jpg 0,21,622,639,0
IMG_0317_JPG_jpg.rf.e4adaaca498a9437ad71a25b3e4983e6.jpg 0,0,633,634,0
VID-20211116-WA0022-mp4-frame00195_0014_jpg.rf.e48a8106906599b7e4f29c20f293a9d7.jpg 176,430,286,634,1 301,378,403,554,1 418,323,513,470,1
VID-20211116-WA0022-mp4-frame00000_0001_jpg.rf.e60e09629ba4b96418640f9b52bb571f.jpg 0,0,639,639,1
VID_20211114_174507-mp4-frame00009_0002_jpg.rf.e28276a548b2fc42cd3ce7280d7338da.jpg 310,61,386,340,0
VID-20211116-WA0022-mp4-frame00090_0007_jpg.rf.d6dc27544f1bec4abedf64128846457a.jpg 217,353,296,546,1 362,343,468,475,1 522,222,640,374,1
VID-20211116-WA0022-mp4-frame00600_0041_jpg.rf.dea1e43059d5a48cd5e1fe1cc8a078c6.jpg 1,393,131,612,1 147,349,335,550,1 428,264,624,468,1
00000058_jpg.rf.e4e059947902bb3ff3223340e96d41b8.jpg 4,71,640,571,1
IMG_0247_JPG_jpg.rf.e5e605a806f1b520f092c278e6575a14.jpg 0,0,639,636,0
VID-20211116-WA0022-mp4-frame00150_0011_jpg.rf.e30ab1d37ab772a74d586887220bc70e.jpg 175,331,297,504,1 338,324,441,462,1 476,253,587,396,1
IMG_0312_JPG_jpg.rf.e6bcc253af7b475529bf9448e684ca2b.jpg 0,0,639,635,0
00000005_jpg.rf.e6c40ebb5470efc3c5344feee8e2d845.jpg 0,0,639,639,1
VID_20211114_174507-mp4-frame00288_0033_jpg.rf.e69270a4ded032f11a629d59e93df6af.jpg 61,5,309,640,0
IMG_0258_JPG_jpg.rf.e784ab737d1954343ee74190408a1a22.jpg 1,4,637,633,0
VID-20211116-WA0022-mp4-frame00075_0006_jpg.rf.e98556a1ab3d502e7e08fb990b126f15.jpg 215,394,300,593,1 362,389,459,519,1 520,245,617,400,1
VID-20211116-WA0022-mp4-frame00720_0049_jpg.rf.eee96c2b3167cfb01b547ddbadb8ec4d.jpg 3,359,135,548,1 158,478,277,611,1 320,487,401,627,1 424,457,462,636,1
padi-blm-matang_14_jpg.rf.ed82a5776e692e29911944af2d8ba65b.jpg 133,31,588,638,0
u-2127649976-3514918252-fm-253-fmt-auto-app-138-f-JPEG_jpg.rf.e9fa64fb408dbfad38b920f18f5e0df8.jpg 8,5,570,639,1
Cuplikan-layar-2023-10-24-145112_png_jpg.rf.ed8b612bfa40d47bf6578588c358b9f8.jpg 0,0,639,639,1
Cuplikan-layar-2023-10-24-145822_png_jpg.rf.eeffeebee450b23d5b26b8173d5706b6.jpg 109,0,640,639,1
Screenshot_2023_1021_212426_png_jpg.rf.e9bbf218e2639342cfad817b192f4b27.jpg 0,47,639,640,1
VID_20211114_174507-mp4-frame00180_0021_jpg.rf.ed08abb175682fa339e9cde547184266.jpg 131,2,408,637,0
VID_20211114_174507-mp4-frame00414_0047_jpg.rf.ece84f175229b542d751d505ac3684a2.jpg 173,83,385,638,0
VID_20211114_174507-mp4-frame00369_0042_jpg.rf.f058dc7a725e9c0a4751fb1062470e87.jpg 203,31,335,640,0
VID-20211116-WA0022-mp4-frame00825_0056_jpg.rf.efd98e6e2fa0d84ae044be93e9b3728d.jpg 366,516,437,640,1 453,525,489,640,1 187,521,312,640,1
VID-20211116-WA0022-mp4-frame00135_0010_jpg.rf.f20d4ccd466a082f0b0c74ac20cbe017.jpg 197,306,309,489,1 373,341,447,463,1 509,249,621,397,1
VID-20211116-WA0022-mp4-frame00315_0022_jpg.rf.f27b0f9832367e92141258039e3428df.jpg 92,487,228,640,1 299,505,410,640,1 390,382,499,521,1
IMG_0332_JPG_jpg.rf.e95861e16efdfd356228a783e2044b76.jpg 15,0,640,594,0
VID_20211114_174507-mp4-frame00027_0004_jpg.rf.ec5f2a901ac86b29ba92bcb674a89e24.jpg 313,49,411,359,0
u-2948743123-364809933-fm-253-fmt-auto-app-138-f-JPEG_jpg.rf.ec134d4ac7dec09e12d441013c007d8b.jpg 0,0,639,639,1
00000055_JPG_jpg.rf.efed90ee54afcc52e00f79d1a2ef5a13.jpg 0,0,605,639,1
VID-20211116-WA0022-mp4-frame00090_0007_jpg.rf.ef40ecdc641d0331167a6a7f7046f07e.jpg 212,338,290,516,1 344,338,461,474,1 526,232,640,389,1
00000108_jpg.rf.f3372924e41e46ada3251270dc6d270b.jpg 1,0,525,638,0
VID-20211116-WA0022-mp4-frame00840_0057_jpg.rf.ef60ef801503fab0aef722a5bd0bf41a.jpg 337,515,482,640,1 118,386,215,512,1 162,462,289,633,1
VID-20211116-WA0022-mp4-frame00675_0046_jpg.rf.f3f14a1cb04d2a3d48980bfb0c954860.jpg 111,410,256,628,1 295,413,445,619,1
VID-20211116-WA0022-mp4-frame00240_0017_jpg.rf.f0f702a9f060b3050b0000e8dde914ad.jpg 96,443,215,622,1 252,483,366,614,1 410,396,509,530,1
VID-20211116-WA0022-mp4-frame00390_0027_jpg.rf.f2d052c0f77b1b5b1c2151ed9ba8db70.jpg 18,424,90,586,1 164,413,270,558,1
padi-blm-matang_3_jpg.rf.f49b495e640b2626598dc22b474948fd.jpg 50,15,570,638,0
IMG_20220221_162929_jpg.rf.f39ad85b73fb2fa45550071b42e552af.jpg 238,7,446,618,0
VID-20211116-WA0022-mp4-frame00345_0024_jpg.rf.ea4a75a5323b6d98e880c3a68b0f47ad.jpg 178,411,260,555,1
IMG_0252_JPG_jpg.rf.e8ca69d056ce7a6cdcf866f299df6e0e.jpg 0,0,639,639,0
IMG_0285_JPG_jpg.rf.f59e5f7081265a83d74ec69c9d921e87.jpg 117,316,498,468,0
VID_20211114_174507-mp4-frame00468_0053_jpg.rf.e8cac4c33a594faeb60ddfbfc6bd9e45.jpg 200,132,443,637,0
u-3694272935-2560295317-fm-253-fmt-auto-app-138-f-JPEG_jpg.rf.f5c89b14671f62eda58e28e02de2a413.jpg 0,7,632,639,1
IMG_0243_JPG_jpg.rf.f91d3714388d6b809bb940def48b4ee9.jpg 1,0,618,637,0
VID_20211114_174507-mp4-frame00180_0021_jpg.rf.f6d9bf4ddaa658bbf0ac4bcefa76e999.jpg 188,6,371,638,0
VID-20211116-WA0022-mp4-frame00105_0008_jpg.rf.f7b3f1a7912951e106191e72218e8c7f.jpg 216,297,309,484,1 360,318,466,448,1 530,218,640,377,1
00000199_jpg.rf.fa30f268f191dd5ccdc37c4b976a0a97.jpg 56,137,382,554,1 276,49,545,458,1
VID_20211114_174507-mp4-frame00108_0013_jpg.rf.fac231c60708d3d6b15210593c59d8d7.jpg 251,65,435,638,0
IMG_0242_JPG_jpg.rf.f780478a06a5dba257eb6e949efb2723.jpg 2,0,640,640,0
VID-20211116-WA0022-mp4-frame01065_0072_jpg.rf.f951438cbb39f8eea80b8337d71f6483.jpg 186,447,291,640,1 337,460,476,631,1 506,313,632,473,1
VID_20211114_174507-mp4-frame00378_0043_jpg.rf.fc5564e80129e79dced12108a633e614.jpg 197,53,352,640,0
padi-blm-matang_31_jpg.rf.fb1e2a91169aec03351e3da482c978a5.jpg 1,0,637,638,0
VID-20211116-WA0022-mp4-frame00075_0006_jpg.rf.f980d48cf21441479587ea14858d1e7b.jpg 213,394,292,585,1 370,393,454,509,1 528,252,631,413,1
00000244_jpg.rf.f85fcdaa98f20b3a920cf044e844515f.jpg 2,2,406,640,1
VID-20211116-WA0022-mp4-frame00600_0041_jpg.rf.fe55aeadc89ef3624f006e8a5598cc9b.jpg 1,403,131,605,1 153,351,338,542,1 430,259,631,463,1
IMG_0253_JPG_jpg.rf.fa0d20b2b2093e194e64c47604994507.jpg 1,0,638,622,0
00000145_jpg.rf.f9b0903b4e1d54842267425e473581aa.jpg 1,92,640,640,1
VID-20211116-WA0022-mp4-frame00165_0012_jpg.rf.fe6c4c62194baf6dd1da2346c8ab0827.jpg 218,369,318,557,1 348,388,442,498,1 487,294,580,446,1
u-1764124712-2052924915-fm-253-fmt-auto-app-138-f-JPEG_jpg.rf.fd64e7fd493487a6dbfca02c822091c7.jpg 1,3,554,640,1
IMG_0258_JPG_jpg.rf.ff2eea685bddde3a3b2cc68a4ab4c018.jpg 25,4,639,606,0
00000068_jpg.rf.fcdc39d44c5f87a9162fb24c22d80e13.jpg 0,44,638,638,0
00000109_jpg.rf.fea6d43a2b5c38c0266b06facf6e9f88.jpg 0,0,639,639,1
VID-20211116-WA0022-mp4-frame00630_0043_jpg.rf.fa03cba3342c5934a2d5819fc04f4ce5.jpg 21,396,129,640,1 154,374,326,566,1 412,246,591,442,1
u-1631137842-584457007-fm-253-fmt-auto-app-138-f-JPEG_jpg.rf.fb84c11355f72bc10e152cdcdf31c21b.jpg 28,3,622,498,1
u-2127649976-3514918252-fm-253-fmt-auto-app-138-f-JPEG_jpg.rf.f70a7f6d29c07748b3a67e4939987cb6.jpg 30,2,640,344,1
u-3540999105-1652784868-fm-253-fmt-auto-app-120-f-JPEG_jpg.rf.fe56d8101555d22476378aa5628fdfda.jpg 0,6,637,637,1
00000155_jpg.rf.fd6fe67df777452e34664268bd4bb655.jpg 37,0,638,638,0
00000306_jpg.rf.7127416ab7f8186405dba3347a7a7a77.jpg 218,0,614,639,0
VID_20211114_174507-mp4-frame00054_0007_jpg.rf.6f8977c79ecbda6ceb2642a55ba78ceb.jpg 274,43,486,636,0
VID-20211116-WA0022-mp4-frame00165_0012_jpg.rf.723bdab693d00fadb18a4448a298a263.jpg 206,369,310,528,1 349,290,451,499,1 489,311,577,456,1
u-1877717166-4067945151-fm-253-fmt-auto-app-138-f-JPEG_jpg.rf.6c4f3937877300b035a0ab61c27964c8.jpg 0,0,639,639,1
VID-20211116-WA0022-mp4-frame00120_0009_jpg.rf.6d43ddac141699c9bb43b573f18ea2f4.jpg 199,298,320,495,1 360,300,449,439,1 501,225,617,377,1
VID-20211116-WA0022-mp4-frame00180_0013_jpg.rf.69a2ca6fa07200877e45dafc17772644.jpg 159,372,271,561,1 288,377,379,503,1 423,295,510,439,1
VID-20211116-WA0022-mp4-frame00270_0019_jpg.rf.6aa489ff605fdcb2a13d592b4bc8d8ef.jpg 180,489,309,640,1 391,500,488,640,1 482,376,605,524,1
IMG_20220221_165318_jpg.rf.6d795b03d9633fadba889bf92928a6f8.jpg 7,23,639,639,0
IMG_0312_JPG_jpg.rf.6fcc1bbd6689b31fd0f2bf12b87164d8.jpg 0,1,634,639,0
IMG_20220221_163310_jpg.rf.6c26ad6ce2a7179b1943df081675f8d6.jpg 57,2,382,544,0
VID_20211114_174507-mp4-frame00405_0046_jpg.rf.6b4093e2733f6047f0fbca479ceade13.jpg 196,90,357,637,0
00000035_jpg.rf.6d2553e081ed8cd60acd74a5a002eb3b.jpg 190,0,435,639,1
00000284_jpg.rf.6d4a307174d5009ed9d1988fa6957d21.jpg 1,1,640,612,0
VID-20211116-WA0022-mp4-frame00195_0014_jpg.rf.6a545607d6f0b65ceeb2c992b4a29566.jpg 177,434,295,640,1 325,391,413,552,1 426,317,525,460,1
IMG-20231021-WA0050_jpg.rf.6a9c41d75f1fabe8a5e6756e5d5c980e.jpg 113,0,640,640,1
VID-20211116-WA0022-mp4-frame00165_0012_jpg.rf.6fc49f80fa52f133babc4a4af0adf6c9.jpg 216,367,303,555,1 341,366,430,507,1 486,308,570,444,1
IMG-20231021-WA0049_jpg.rf.6c9be64cec2b72b01cb06168e2a3f2e9.jpg 0,0,639,639,1
IMG_0274_JPG_jpg.rf.6e1e794f3f3a20cd3b3914abf29c3fcd.jpg 0,0,636,637,0
padi-blm-matang_37_jpg.rf.6a7c6aa0fb83b71893a7a4b0cea6402e.jpg 18,0,638,638,0
u-3745614994-755617246-fm-253-fmt-auto-app-138-f-JPEG_jpg.rf.725e7098e76379c4af69af90312eb425.jpg 12,6,639,639,1
u-3581643035-4193218637-fm-253-fmt-auto-app-138-f-JPEG_jpg.rf.726e4ea6e24137e276ee750f33b11ed8.jpg 345,0,523,639,1
VID-20211116-WA0022-mp4-frame00135_0010_jpg.rf.7342ecd193d3d78272c962c77c273fc6.jpg 224,313,339,502,1 382,305,471,433,1 503,195,619,329,1
00000235_jpg.rf.6d36a2f456fbba1678e0694bb9a5eadc.jpg 0,0,639,639,0
IMG_20220221_165321_jpg.rf.6ae6e0805d9e76fe6194228d7ad7f380.jpg 1,32,610,638,0
VID-20211116-WA0022-mp4-frame00135_0010_jpg.rf.70e5d30fadc958b6d7894abbcae4ac05.jpg 198,306,309,487,1 367,324,448,462,1 509,246,617,415,1
u-4102236721-2577562983-fm-224-app-112-f-JPEG_jpg.rf.702b871e104c5fe08b7b3ecc359e5574.jpg 255,153,640,533,1
u-2119982125-2197269132-fm-253-fmt-auto-app-138-f-JPEG_jpg.rf.739b76d49537f83f86411af8f5db3bd0.jpg 0,31,629,639,1
IMG_20220221_163010_jpg.rf.75296598845d8d3fcaf38cdb4b4c8b34.jpg 25,306,587,388,0
VID_20211114_174507-mp4-frame00279_0032_jpg.rf.738deeb5d15a7f137ce9b68ed51fdbb3.jpg 26,1,285,640,0
IMG-20231021-WA0052_jpg.rf.77eae035ea412125be82b606b3bdfeba.jpg 1,0,627,638,1
VID_20211114_174507-mp4-frame00117_0014_jpg.rf.766da2d4b424bf33a330ad3491ad39a3.jpg 320,71,407,376,0
u-2818795758-2446846126-fm-253-fmt-auto-app-138-f-JPEG_jpg.rf.6f7ef0834077dd29fe33963764e4e673.jpg 2,69,415,597,1
VID-20211116-WA0022-mp4-frame01020_0069_jpg.rf.74fbf0f05122b25ca80dc0a6053a9f0c.jpg 171,362,281,587,1 372,379,486,550,1
VID_20211114_174507-mp4-frame00171_0020_jpg.rf.795d6640b77519ec734b02ed96ab468a.jpg 163,10,359,637,0
IMG_0310_JPG_jpg.rf.757ff73551c086024a5c4bd3bbe521cc.jpg 32,0,639,617,0
00000014_jpg.rf.774bb68beb223af7223a91d74c80a499.jpg 0,0,639,639,0
IMG_20220221_163608_jpg.rf.758e1e3e647929f1bbdec9f06bb8a3d2.jpg 14,237,537,348,0
padi-blm-matang_15_jpg.rf.72f140270c2a421c2579ed9418a67ca9.jpg 72,0,566,638,0
IMG_0243_JPG_jpg.rf.76cdc2d34c3eda9ad8e81ab2ed1d7aeb.jpg 1,10,626,637,0
00000020_jpg.rf.77a177da7507f1e315bd56196eacf4c8.jpg 1,0,638,638,0
VID-20211116-WA0022-mp4-frame00600_0041_jpg.rf.7b65eee30be49ccd14342d8487b74888.jpg 40,398,151,640,1 168,362,368,554,1 433,209,627,413,1
VID-20211116-WA0022-mp4-frame00240_0017_jpg.rf.785bcb012d8cbfba88ac36cdf9ffac7f.jpg 158,473,286,640,1 326,459,429,606,1 443,345,545,487,1
VID_20211114_174507-mp4-frame00162_0019_jpg.rf.7b03b634def040a6b936d98365fb567c.jpg 178,13,369,638,0
Cuplikan-layar-2023-10-24-145612_png_jpg.rf.78d7900e621d41dd7921a3f7c21a4153.jpg 0,8,639,639,1
00000006_jpg.rf.7a14594cf6475b2ee76072326931a0de.jpg 0,0,639,639,0
00000183_jpg.rf.78400fe50f38c26032bf8b7976991ced.jpg 0,0,639,639,1
IMG_20220221_164054_jpg.rf.7beb601ec80929929760768bde9adde4.jpg 1,0,639,638,0
1-2-_jpg.rf.7b907310d630c9930f7d97d567c3890f.jpg 4,260,482,640,1
00000267_jpg.rf.7a3090062e06278d65667c20ac8f6a69.jpg 0,0,474,592,0
IMG_0301_JPG_jpg.rf.76ec5a92eb3e0815260710237f938264.jpg 28,0,639,627,0
VID_20211114_174507-mp4-frame00108_0013_jpg.rf.80856ef5f29abebe5a9b3905b3847324.jpg 281,31,459,637,0
IMG_0292_JPG_jpg.rf.7e5e39f372254969244b2581fdcf2a22.jpg 0,0,639,637,0
IMG_0274_JPG_jpg.rf.7dcb1a806138cf05a66f8352427b6a6b.jpg 1,0,635,634,0
u-2620053991-1113056352-fm-253-fmt-auto-app-138-f-JPEG_jpg.rf.8106a2acdc4952d80f11278b6913a5e2.jpg 0,0,639,639,1
VID_20211114_174507-mp4-frame00027_0004_jpg.rf.80e42aec275e0802a3839bc1ed56d929.jpg 326,60,413,355,0
IMG_0297_JPG_jpg.rf.80edfa737ef5270fc3d0ed5a19510a26.jpg 0,0,616,639,0
IMG-20231021-WA0051_jpg.rf.7c4fa49e5bbec9a89c393c9597a23d14.jpg 26,2,343,640,1
IMG_0309_JPG_jpg.rf.7e9be49750211f797f186342eb78ece2.jpg 0,4,639,638,0
u-3960641931-2509279468-fm-253-fmt-auto_jpg.rf.7f2cf7b2ace5a56a41206a4ee0049845.jpg 0,0,624,624,1
VID-20211116-WA0022-mp4-frame00675_0046_jpg.rf.7dffb7bda0bb5242fd5c0237a63b5164.jpg 93,339,246,598,1 282,400,442,615,1
u-3497009474-3703316363-fm-253-fmt-auto-app-138-f-JPEG_jpg.rf.81af5be899d8e12b4b1fe6fec14a7e39.jpg 0,91,639,639,1
u-1807842158-2924341470-fm-253-fmt-auto-app-138-f-JPEG_jpg.rf.87104bf61f9c5bb594c685ab92439761.jpg 0,0,639,639,1
00000022_jpg.rf.842d1a5e86d9efbe26dbc3286f220bd9.jpg 0,0,639,639,0
padi-blm-matang_18_jpg.rf.81b7605783493196022b340f8eddf811.jpg 37,0,607,638,0
u-3622363264-114413012-fm-253-fmt-auto-app-138-f-JPEG_jpg.rf.85dddda25b1dae9984b3c2403ce4d254.jpg 31,111,639,639,1
u-1012836679-3786126453-fm-253-fmt-auto-app-138-f-JPEG_jpg.rf.86ed0886929760aa40a2fd4be60f54c7.jpg 0,0,631,608,1
u-1753535296-4127371422-fm-253-fmt-auto-app-138-f-JPEG_jpg.rf.82f05f3331b500a21309baae632e732e.jpg 24,7,639,639,1
u-3976051629-3745373350-fm-253-fmt-auto-app-138-f-JPG_jpg.rf.84e82156ebced2703abe6e4c37f77cf5.jpg 68,45,483,615,1
VID_20211114_174507-mp4-frame00189_0022_jpg.rf.8315ce8ab2ff6bbaec1488d7958fa450.jpg 194,5,392,637,0
VID-20211116-WA0022-mp4-frame00030_0003_jpg.rf.86e878e5b2fbbf7db2d0e2c345c502f1.jpg 144,405,369,610,1 428,368,558,536,1
00000143_jpg.rf.81d6759c2029f5f4e286f467ae5992bb.jpg 0,0,639,581,0
VID-20211116-WA0022-mp4-frame00585_0040_jpg.rf.8405a8f206cc2899b3539c89b3bf0dd6.jpg 58,374,148,640,1 214,326,377,502,1 439,164,616,336,1
VID-20211116-WA0022-mp4-frame01110_0075_jpg.rf.89d27b91f1b16a1f57b1368efa6ae9b0.jpg 398,369,515,497,1 104,527,247,640,1
VID-20211116-WA0022-mp4-frame00405_0028_jpg.rf.89589e6acd606e7c32dcdcf0bd839276.jpg 180,461,247,625,1 279,437,417,568,1
VID-20211116-WA0022-mp4-frame00555_0038_jpg.rf.7d741357322df945e00c7e6ba3e3cc61.jpg 187,287,313,542,1 407,257,516,425,1
00000247_jpg.rf.8a59a7924cbe927e7e3ac15bd5b9d5eb.jpg 0,0,639,639,1
VID-20211116-WA0022-mp4-frame00510_0035_jpg.rf.876afaee1e19281adcd66bf78a947c4e.jpg 177,283,293,541,1 388,330,513,507,1
00000029_jpg.rf.83c9e412d41768c2592791ae7fd8ce7a.jpg 0,0,639,589,1
00000185_jpg.rf.8e526a1ebbd8a14fc62f6ca813efbab5.jpg 1,1,640,601,0
IMG_0318_JPG_jpg.rf.8a877aa6cd6d2a7af0f2c25e708fe152.jpg 5,27,635,500,0
VID-20211116-WA0022-mp4-frame00345_0024_jpg.rf.8cd64b79b9fe0d26c5e9eece9578fad9.jpg 213,446,271,596,1 321,419,458,553,1
VID-20211116-WA0022-mp4-frame00300_0021_jpg.rf.89cacf9f9371d919914694d3a1656ef8.jpg 76,517,227,640,1 301,519,409,640,1 375,375,500,510,1
VID_20211114_174507-mp4-frame00018_0003_jpg.rf.8ab331935dcd26d568005917eae9af59.jpg 303,52,401,342,0
VID_20211114_174507-mp4-frame00198_0023_jpg.rf.89639d2108a3a94abb956ccbe110f1d8.jpg 201,3,379,638,0
IMG_20220221_165318_jpg.rf.8ae7ea3d627ae1a5eef3273906cbd58a.jpg 0,0,639,639,0
00000296_jpg.rf.8be5e9fa2b24d7329869fc6a30bfa3c5.jpg 110,0,634,579,1
VID-20211116-WA0022-mp4-frame00495_0034_jpg.rf.8f45db8778aae3a30326cd51af2566a8.jpg 217,355,334,639,1 434,346,571,543,1
IMG_0275_JPG_jpg.rf.8d3d2d59d239e91ee6e0bf679c5052cb.jpg 0,24,635,639,0
u-3499856309-1055568489-fm-253-fmt-auto-app-138-f-JPEG_jpg.rf.8e89dc4b2098cc7f815451d36e964676.jpg 0,31,639,639,1
IMG_0252_JPG_jpg.rf.8d92c9500e42191246834ad70576c23e.jpg 0,0,639,639,0
IMG_0246_JPG_jpg.rf.910f0c46be29459f44a4a6d4c27ad2bd.jpg 65,342,640,473,0
VID_20211114_174507-mp4-frame00189_0022_jpg.rf.8c68314d59e784eba94e0caa0f3b9b75.jpg 220,5,320,363,0
VID_20211114_174507-mp4-frame00117_0014_jpg.rf.8df3f3ddb40f3643a8e2b91cb547ce12.jpg 247,59,412,638,0
u-3176297519-2512241508-fm-253-fmt-auto_jpg.rf.90492b652ee217e5b9ba60ba42166c11.jpg 21,7,536,639,1
VID-20211116-WA0022-mp4-frame00345_0024_jpg.rf.8fd414345c7f261a48a304bf1fe7d6d0.jpg 189,408,284,566,1 306,396,418,549,1 57,544,129,640,1
00000059_jpg.rf.95d24e49ce05aa1a35691307c62632fa.jpg 146,46,518,506,1
IMG_20220221_165318_jpg.rf.936cedc41daf39fafae5407ada4c685b.jpg 0,0,636,636,0
VID_20211114_174507-mp4-frame00450_0051_jpg.rf.945c238b163d3251030bc6e861c3b634.jpg 184,105,363,638,0
IMG_0292_JPG_jpg.rf.9739309a1e81852fea77e218e5962b32.jpg 1,28,639,639,0
00000002_jpg.rf.94445ad9dc4a6e09d690e3d681178cee.jpg 1,0,638,639,0
VID_20211114_174507-mp4-frame00279_0032_jpg.rf.95a3d3eb276aab0c39d1a35b62536555.jpg 85,2,267,631,0
00000018_jpg.rf.943c3c4e84092991193fde6bf5b05a36.jpg 51,8,590,640,1
u-2989108388-2893357252-fm-253-fmt-auto-app-138-f-JPEG_jpg.rf.8b65ea4c5488604759b565029cae8d67.jpg 0,0,611,639,1
Screenshot_2023_1021_210358_png_jpg.rf.99712182e82bc714188447a28182effe.jpg 158,2,514,636,1
VID-20211116-WA0022-mp4-frame00495_0034_jpg.rf.97da66d92202afb4a616beefdc5fa218.jpg 218,360,337,637,1 457,353,567,543,1
VID_20211114_174507-mp4-frame00432_0049_jpg.rf.9b128ee27b4fb701f3cb53b135cb228f.jpg 191,104,355,637,0
VID_20211114_174507-mp4-frame00108_0013_jpg.rf.928a4e3a3d89f52a652a1290724f0893.jpg 310,77,393,398,0
VID-20211116-WA0022-mp4-frame00405_0028_jpg.rf.9797d4294ad4fb1676cacc4db79837c5.jpg 258,415,356,552,1 130,423,189,572,1
VID_20211114_174507-mp4-frame00432_0049_jpg.rf.81b61d4e3cd0ea8c5e472c3f1cbdec03.jpg 181,106,400,638,0
VID_20211114_174507-mp4-frame00243_0028_jpg.rf.96660b5c8befc3c7d180b19cde257fef.jpg 158,4,247,186,0
IMG_0331_JPG_jpg.rf.96ec2a6280a63a3640a499da0799bab6.jpg 3,7,594,619,0
VID-20211116-WA0022-mp4-frame00075_0006_jpg.rf.9b2b7e4f83715c607ea7b57488c0243f.jpg 217,397,288,582,1 369,386,458,512,1 524,256,618,417,1
VID-20211116-WA0022-mp4-frame00210_0015_jpg.rf.99b04ea35caebe5d1732f3c741c1030d.jpg 125,432,228,640,1 246,390,349,553,1 371,317,462,443,1
padi-blm-matang_27_jpg.rf.98b1ddd2c0310fb254174b09eedd8223.jpg 23,0,623,638,0
u-2798791564-2131540822-fm-253-fmt-auto-app-138-f-JPEG_jpg.rf.99997d59afbde16a74d445fca2192157.jpg 0,0,639,639,1
VID-20211116-WA0022-mp4-frame00630_0043_jpg.rf.913932579f0cf1c839924f398b8fdb6f.jpg 22,404,143,640,1 156,382,326,562,1 407,246,547,442,1
VID_20211114_174507-mp4-frame00027_0004_jpg.rf.91007c2ecac5d67bda876352e96f908f.jpg 343,65,425,350,0
IMG_0258_JPG_jpg.rf.9944255053927de4d46351d2936e0d91.jpg 9,3,639,638,0
IMG_0251_JPG_jpg.rf.9a774c921ef68988c6b905fa5c793501.jpg 0,0,639,639,0
IMG_0250_JPG_jpg.rf.9e390d19ca60f7df35ae1d03c09b935d.jpg 13,0,638,638,0
VID-20211116-WA0022-mp4-frame00270_0019_jpg.rf.95e50b2e01e754baf5c280a3fbf5986b.jpg 212,486,346,640,1 418,509,511,635,1 486,351,614,485,1
IMG_0286_JPG_jpg.rf.9bd865cdd18491437b809c9263e149bf.jpg 0,19,639,639,0
u-2254160746-2501844134-fm-253-fmt-auto-app-138-f-JPEG_jpg.rf.9b692048871cef5176d45212864db6bb.jpg 23,59,586,337,1
IMG_0274_JPG_jpg.rf.97b0707ef1d4572491410360d0a716df.jpg 0,0,615,635,0
VID-20211116-WA0022-mp4-frame00030_0003_jpg.rf.94e442a1c54c74a28141f4b8c2d74854.jpg 158,448,250,638,1 288,408,391,579,1 445,343,558,501,1
IMG_0332_JPG_jpg.rf.9e260264e9d3b4b74b6e78325a6ac901.jpg 17,1,623,604,0
VID-20211116-WA0022-mp4-frame00555_0038_jpg.rf.9f59d3979294ea72bc7640053af6192a.jpg 193,291,311,546,1 405,279,517,447,1
VID-20211116-WA0022-mp4-frame00690_0047_jpg.rf.9fbb6c2e3d07887b844dbabfdd3330f4.jpg 135,434,267,635,1 316,415,459,632,1
IMG_0259_JPG_jpg.rf.9d06c96bbaf9c8484e2f51bc42c566d8.jpg 2,22,640,640,0
VID-20211116-WA0022-mp4-frame00180_0013_jpg.rf.97bbf72509f19aba93a3f92a1ef2e4da.jpg 158,383,298,598,1 313,286,406,499,1 429,286,528,412,1
IMG_0283_JPG_jpg.rf.9e374df824feaa264822c103e75b8f6f.jpg 200,84,640,545,0
u-3622363264-114413012-fm-253-fmt-auto-app-138-f-JPEG_jpg.rf.9f8b388ac7abd58f22b468aeb1c2ab1f.jpg 30,17,388,286,1 71,177,449,412,1 41,182,552,614,1
IMG_0331_JPG_jpg.rf.9fa29c58fa143ab8f2240fff6409fa34.jpg 1,16,600,640,0
IMG_20220221_165321_jpg.rf.a07e0f3b5b6abf52bf2fbbefa695b217.jpg 18,4,639,639,0
00000275_jpg.rf.a2348d88a4f5210cd7b33aedb71f18aa.jpg 37,30,639,578,0
IMG_20220221_165321_jpg.rf.a2b8b9607c4d341a2507c8c5b2d35a3e.jpg 0,0,636,637,0
padi-blm-matang_21_jpg.rf.a57241376a5ecbbc69836d5f4a31087a.jpg 0,0,639,632,0
IMG_0250_JPG_jpg.rf.9fe1cbb2e6cd59cb65d3e3a7bef5984c.jpg 0,0,639,639,0
u-3176297519-2512241508-fm-253-fmt-auto_jpg.rf.a447d2cbfce6909074c5f94a3df801e6.jpg 0,21,514,639,1
IMG_0272_JPG_jpg.rf.a2fc443b4f57cf5568b834ed10049a82.jpg 32,1,640,622,0
IMG_20220221_163310_jpg.rf.a427cd5d9eb681f4c356328dc59b1ae6.jpg 3,4,638,639,0
00000065_jpg.rf.a1eb0ebc465fad5ac099a514d57150c1.jpg 194,32,516,640,0
00000106_jpg.rf.a25e351ce6acc78590a05cfa0a0eb9e1.jpg 0,23,639,579,1
IMG_0250_JPG_jpg.rf.a538fe8bfb83c2bf451368cf05d2392c.jpg 2,5,638,639,0
VID-20211116-WA0022-mp4-frame00120_0009_jpg.rf.a4e3d53bcc765ab723708a26dae9b939.jpg 203,292,290,497,1 353,310,452,441,1 502,213,612,381,1
IMG_0292_JPG_jpg.rf.a69d3158cbc5d2260b2f3a521727ec3a.jpg 0,23,614,636,0
VID_20211114_174507-mp4-frame00072_0009_jpg.rf.a5419246dda02e7021601ec4fe1ac9d8.jpg 255,5,486,636,0
00000003b_jpg.rf.a3dc980cb4378ed83ff400b4aec9c0af.jpg 188,0,640,640,1
u-2775909388-2941786603-fm-253-fmt-auto_jpg.rf.aa1e3065eaddb0b6de7532002a8fbc05.jpg 0,70,460,545,1
00000111_jpg.rf.a239cf4268dcb3614ddb2895f8ba561d.jpg 1,1,640,640,0
u-2620053991-1113056352-fm-253-fmt-auto-app-138-f-JPEG_jpg.rf.a795741e8708e4c4424c3bf586f2c1e0.jpg 0,3,634,639,1
VID_20211114_174507-mp4-frame00144_0017_jpg.rf.a76c9c42209840c76983546e38408768.jpg 242,59,347,443,0
IMG_0278_JPG_jpg.rf.a85d7955b95b5ce1e983023649c9a842.jpg 2,0,639,637,0
padi-blm-matang_36_jpg.rf.a1fa922e32a1c41cc0b2892a68e255b7.jpg 1,0,638,638,0
VID-20211116-WA0022-mp4-frame00225_0016_jpg.rf.a67d47ff5f730b8ac8da0471bb6ba91f.jpg 42,419,181,614,1 243,437,315,587,1 377,357,461,501,1
IMG_0296_JPG_jpg.rf.abf2ac4ae311723f4a92f6c946f4a47f.jpg 0,0,639,639,0
VID_20211114_174507-mp4-frame00099_0012_jpg.rf.aa76b4b78e79361783f28a21703044a2.jpg 261,72,448,638,0
u-3745614994-755617246-fm-253-fmt-auto-app-138-f-JPEG_jpg.rf.a95be7e971ec77cca92f2966fecbd4a2.jpg 0,6,637,639,1
00000067_png_jpg.rf.abe08386ef531062358bbe230053fd2c.jpg 2,0,638,638,0
00000024_jpg.rf.a319eb6d76f3be675ced2810392d9d52.jpg 0,0,639,639,1
IMG_0244_JPG_jpg.rf.a925ad651c1e6d940afac9402faa70ee.jpg 15,0,639,612,0
IMG_0246_JPG_jpg.rf.a8f850d72a7b22a318ff786cf1095746.jpg 319,0,433,529,0
VID_20211114_174507-mp4-frame00414_0047_jpg.rf.acc3ccdc02017cebba058e80f6836b6d.jpg 187,82,347,640,0
u-2377069024-929818938-fm-253-fmt-auto-app-138-f-JPEG_jpg.rf.ae0e8f05dad3c53a09c757ee4078a3df.jpg 1,79,427,640,1
IMG_0279_JPG_jpg.rf.adbfd9b0f56bef6201917adcfb061e6a.jpg 0,7,639,639,0
IMG_0247_JPG_jpg.rf.a554b8edd31c8fb268978fd79f826748.jpg 0,0,634,639,0
VID_20211114_174507-mp4-frame00072_0009_jpg.rf.adcc4f335c94ee2164b27566a7824a87.jpg 257,26,480,636,0
VID-20211116-WA0022-mp4-frame00060_0005_jpg.rf.ab1a2f10cd6fa3001e4f4f8b6943e382.jpg 203,424,275,629,1 345,399,447,546,1 510,272,614,430,1
VID-20211116-WA0022-mp4-frame00585_0040_jpg.rf.ae396fb8b387113feb35030492ac14af.jpg 14,348,134,623,1 222,327,367,512,1 451,202,629,384,1
Cuplikan-layar-2023-10-24-144251_png_jpg.rf.acdff70a4e2d25d60043accbb48c11b8.jpg 0,0,639,639,1
IMG_20220221_163551_jpg.rf.aeb9de23ff3cae092bd9c470e7c40365.jpg 2,0,639,638,0
u-3378219769-3634350746-fm-253-fmt-auto-app-138-f-JPEG_jpg.rf.b34edd04a760d710ba2ddf969be709aa.jpg 1,210,577,557,1
VID-20211116-WA0022-mp4-frame00150_0011_jpg.rf.ac8725388f862b56acd3e01fc596f93d.jpg 181,332,300,496,1 339,351,426,474,1 464,251,583,401,1
VID_20211114_174507-mp4-frame00297_0034_jpg.rf.b3471f8bd451ebfb436ef3296a53d4f5.jpg 114,0,285,640,0
IMG_0279_JPG_jpg.rf.a6a5a16f9e815271b926fbd9e9754165.jpg 26,2,639,638,0
VID-20211116-WA0022-mp4-frame00060_0005_jpg.rf.b281d83949fcf133f5fc9788cd48ff36.jpg 170,412,247,597,1 310,411,410,552,1 491,324,598,488,1
VID-20211116-WA0022-mp4-frame01110_0075_jpg.rf.b6d8e47e813a632e2b46b493cfb6269b.jpg 349,421,461,562,1 13,502,147,612,1 228,560,333,640,1
VID_20211114_174507-mp4-frame00243_0028_jpg.rf.b43e62256ebc1cf0d687ec4a5dbd6d9b.jpg 239,0,302,182,0
u-3423962496-188050084-fm-253-fmt-auto_jpg.rf.b63fbaa766915475a9a26c31c778a79b.jpg 0,0,639,639,1
IMG_0296_JPG_jpg.rf.b4a74383a2c00122e9d3bfdaacc2bb6c.jpg 0,0,639,633,0
u-3176297519-2512241508-fm-253-fmt-auto_jpg.rf.b9e09502575f27a5e1d2795227876fef.jpg 31,92,639,611,1
VID-20211116-WA0022-mp4-frame01050_0071_jpg.rf.b713e7e73c5084ec2bbb208ab36d58b2.jpg 185,435,279,640,1 357,454,486,640,1 560,324,639,462,1
VID-20211116-WA0022-mp4-frame00525_0036_jpg.rf.b387b42e7a7ed22b44e4c7aa50896d9c.jpg 179,258,297,525,1 408,292,513,470,1
VID-20211116-WA0022-mp4-frame00135_0010_jpg.rf.b08f1bdf49f3c335fc611a4a050816b7.jpg 214,323,322,516,1 376,300,462,432,1 491,179,603,329,1
padi-blm-matang_13_jpg.rf.b5eee8a4d0a70f272bbc7a12cce2996d.jpg 47,28,606,638,0
VID_20211114_174507-mp4-frame00009_0002_jpg.rf.b3e8e0e0c910161434741ee49f62036a.jpg 232,9,475,637,0
padi-blm-matang_2_jpg.rf.b9f28b4e4c5470fc36468518d7faac4d.jpg 65,2,589,635,0
00000304_jpg.rf.b9220928e7e3f779c4d7f5e5df3b49b9.jpg 1,0,638,639,0
padi-blm-matang_45_jpg.rf.ba50097f5388a52c6ac36c6e12202b53.jpg 30,1,639,639,0
00000113_jpg.rf.b8406c4616cfdb02a18e5f03b19e6274.jpg 0,0,639,639,0
VID-20211116-WA0022-mp4-frame00480_0033_jpg.rf.b8b65c4f0be179fd584f45660bf2cba7.jpg 181,386,297,640,1 395,366,536,559,1
VID-20211116-WA0022-mp4-frame00570_0039_jpg.rf.bb3ed3008fd6b73c33e5672d3476c882.jpg 80,300,149,414,1 94,357,207,590,1 331,304,435,480,1 500,174,640,361,1
u-3423962496-188050084-fm-253-fmt-auto_jpg.rf.b682b07954291b1b4c460106d849c96d.jpg 9,0,639,636,1
00000189_jpg.rf.b57ceed6d619938df130793349125f6c.jpg 0,0,639,639,1
VID-20211116-WA0022-mp4-frame00975_0066_jpg.rf.b73db150abc3922f6c436282c4388169.jpg 232,351,318,575,1 434,343,528,496,1
padi-blm-matang_8_jpg.rf.b03c7d20c33f3f1039304ca7e2f18d4e.jpg 6,0,635,639,0
VID-20211116-WA0022-mp4-frame01020_0069_jpg.rf.bc52919f1733c05df6cc606b050d0ea4.jpg 206,368,294,605,1 411,379,503,533,1
u-2989108388-2893357252-fm-253-fmt-auto-app-138-f-JPEG_jpg.rf.b7fe7f5edad1aa4426492f27fa9071f8.jpg 0,20,636,638,1
VID-20211116-WA0022-mp4-frame01050_0071_jpg.rf.b7a4c5db0932c8eb2f49a32f2dcb2f57.jpg 198,444,293,640,1 394,455,508,640,1 561,289,640,436,1
VID-20211116-WA0022-mp4-frame00750_0051_jpg.rf.b2389a4a2500176b6e3eaa95ea98cc04.jpg 349,465,408,636,1 433,468,486,633,1 90,406,198,504,1
VID-20211116-WA0022-mp4-frame00150_0011_jpg.rf.bc0992853023f57df9da589d56a9d4e7.jpg 177,329,299,510,1 346,354,425,485,1 475,254,578,405,1
VID_20211114_174507-mp4-frame00315_0036_jpg.rf.bcd9dff90938f57ea6803a3b307c7fa8.jpg 104,0,282,640,0
00000066_jpg.rf.be738537fd3fa4162ef45b71e6955565.jpg 1,33,638,639,1
IMG_0291_JPG_jpg.rf.bfe6e4637922a71bec25fd053a7ab9d3.jpg 0,6,623,634,0
IMG_0272_JPG_jpg.rf.bf9d4f8c06aa7968f469eb9fdc0f1adb.jpg 1,1,610,632,0
VID-20211116-WA0022-mp4-frame00180_0013_jpg.rf.bebf5c4a40f5f3ef7de9ad26f429657a.jpg 148,384,277,575,1 296,366,394,515,1 438,300,535,460,1
VID-20211116-WA0022-mp4-frame00060_0005_jpg.rf.bd38eab9f8ab2b5f7d8905dea24a8034.jpg 173,402,248,580,1 303,394,413,544,1 464,304,588,466,1
IMG_0242_JPG_jpg.rf.bea73cf5f08a8df6cae80b95fb0478b5.jpg 0,0,639,636,0
VID_20211114_174507-mp4-frame00243_0028_jpg.rf.b9e08b5c664b21414c67ae3c58244ea4.jpg 166,4,264,221,0
IMG_20220221_162929_jpg.rf.bdb7941e4929a3ff290deeeb3e1ecb0e.jpg 23,0,639,635,0
IMG_20220221_163527_jpg.rf.bdd4c8bdadf3af761825325139430d47.jpg 1,0,637,623,0
VID-20211116-WA0022-mp4-frame00720_0049_jpg.rf.c3bd6778d90aa6c88431641f2e594009.jpg 150,450,284,589,1 322,423,393,640,1 410,443,456,640,1
00000025_jpg.rf.c6d27ba95ed92f1888dda52ff54e5aae.jpg 0,80,639,557,0
u-1877717166-4067945151-fm-253-fmt-auto-app-138-f-JPEG_jpg.rf.c00bfd0341c84c074e6dd6c62f68c088.jpg 27,0,639,627,1
IMG_0317_JPG_jpg.rf.c2578b8e1db794bb1bc063e5812803f1.jpg 1,29,615,638,0
VID-20211116-WA0022-mp4-frame00630_0043_jpg.rf.c02707b71de929134c80dbc8688c40d5.jpg 37,422,152,640,1 180,394,331,571,1 404,263,536,454,1
00000233_jpg.rf.c479a6eb0ca89ed9d471f2113dc4bfda.jpg 1,0,638,638,0
IMG_20220221_165122_jpg.rf.c62e4ac26dc10e0fbfa3cea013c9223c.jpg 0,0,635,625,0
u-2254160746-2501844134-fm-253-fmt-auto-app-138-f-JPEG_jpg.rf.c78a2af83c6dcd689d6a54ada302724b.jpg 0,0,639,639,1
Cuplikan-layar-2023-10-24-144338_png_jpg.rf.cbd50f5b952eeac669ea1bddeeaf09a4.jpg 183,0,494,639,1
IMG_0279_JPG_jpg.rf.c50ab6bd1617915679486ffcda186857.jpg 8,6,638,639,0
VID-20211116-WA0022-mp4-frame00300_0021_jpg.rf.c5b9d65e6284c774f2dab5b971dee282.jpg 74,486,205,640,1 294,512,395,640,1 391,385,491,523,1
VID-20211116-WA0022-mp4-frame00855_0058_jpg.rf.ce90bbc4e5412a3f9d8792dbde31d387.jpg 157,434,287,628,1 376,493,477,640,1
VID_20211114_174507-mp4-frame00099_0012_jpg.rf.cca61e4cb63b7c26175d86a9bd600f49.jpg 269,48,488,635,0
u-3976051629-3745373350-fm-253-fmt-auto-app-138-f-JPG_jpg.rf.c9e8561b44b763503f01ca162a679a22.jpg 91,137,639,555,1
IMG_0250_JPG_jpg.rf.c687944b6526d5794a09c1507a380568.jpg 0,0,636,639,0
VID_20211114_174507-mp4-frame00297_0034_jpg.rf.ce1faf504d2313d3243e49983741332e.jpg 76,2,277,640,0
00000197_jpg.rf.cf09a93a3aa51e21bbebe9c87431d3e6.jpg 38,21,508,585,1
IMG_0313_JPG_jpg.rf.cf6dc52281a990a90fbe3361b6d118b5.jpg 1,2,631,638,0
VID-20211116-WA0022-mp4-frame00510_0035_jpg.rf.ce5ed2437af0dea5f551efe75ff7932f.jpg 184,290,293,551,1 365,331,511,514,1
paddy-rice-isolated-white-background-44170556_jpg.rf.cccbaa11e1a56ac1f6aef75b75cac3f4.jpg 11,124,608,544,1
IMG_0259_JPG_jpg.rf.cbcb1803fa578c38286b15c891dd7b0d.jpg 2,21,640,640,0
VID-20211116-WA0022-mp4-frame00150_0011_jpg.rf.cf84b20c45ab1bd7a36986bb107a7117.jpg 175,327,293,514,1 332,342,426,473,1 480,255,581,403,1
IMG_0275_JPG_jpg.rf.cff7b04c700bb3f022177f3a086eaf22.jpg 27,7,638,638,0
VID-20211116-WA0022-mp4-frame00270_0019_jpg.rf.ca4db4afa2b6cd1cf5e80c4bc9ebf5eb.jpg 213,486,335,640,1 434,505,497,627,1 480,345,612,496,1
00000309_JPG_jpg.rf.d359956f3330f6e5f9f6a0ea057d3a01.jpg 0,0,639,639,1
Cuplikan-layar-2023-10-24-144055_png_jpg.rf.c80b2817031fd7d951c34302a473fb2b.jpg 0,0,639,639,1
VID_20211114_174507-mp4-frame00288_0033_jpg.rf.ca4d1d54385965b5a10682111c433140.jpg 44,2,328,640,0
u-2499645509-3339579368-fm-253-fmt-auto-app-138-f-JPEG_jpg.rf.d0183925b3eb94c0200dcaea3e10cb88.jpg 19,37,639,639,1
u-3497009474-3703316363-fm-253-fmt-auto-app-138-f-JPEG_jpg.rf.c08868c1adf1055e16fb0b6a27471efd.jpg 9,6,612,639,1
IMG_0331_JPG_jpg.rf.d3a909d25125634b46e1f1b4ef0bfcc3.jpg 82,0,635,615,0
VID-20211116-WA0022-mp4-frame00585_0040_jpg.rf.c83aeeaa81838abf61f1bac4328f4c89.jpg 16,342,133,617,1 248,327,365,515,1 451,198,634,398,1
VID-20211116-WA0022-mp4-frame00255_0018_jpg.rf.d65f3ee679a5ba4aa0a3afea18c6ed63.jpg 87,467,210,625,1 277,492,379,640,1 411,408,515,558,1
u-2270790602-1808632345-fm-253-fmt-auto-app-120-f-JPEG_jpg.rf.d35406a7d32b2814752263eddcacd85f.jpg 24,189,639,602,1
IMG_0285_JPG_jpg.rf.d1cd8497414e4216604c3820280d0e0b.jpg 0,0,636,635,0
VID-20211116-WA0022-mp4-frame00600_0041_jpg.rf.d5a90031c36e1bbe9c84dab2b9dab4b3.jpg 15,409,128,624,1 186,353,339,524,1 422,213,612,406,1
VID-20211116-WA0022-mp4-frame00240_0017_jpg.rf.d47e06f0ef08cfe5240a221e5a7864c2.jpg 162,470,283,640,1 326,456,442,619,1 447,341,547,475,1
Screenshot_2023_1021_204754_png_jpg.rf.c829e90ec92b64a2ab17b792ac9fc0f9.jpg 0,0,609,639,1
IMG_0244_JPG_jpg.rf.d4424f7b5588691af46d46b54c0912cb.jpg 241,19,485,566,0
padi-blm-matang_35_jpg.rf.d43fa58ad79e72342bfde7a656fb1cc7.jpg 1,0,637,638,0
IMG_0309_JPG_jpg.rf.0d094dd2669713b0f4ffd1093b7db935.jpg 0,7,639,639,0
IMG_0331_JPG_jpg.rf.05bec7c10c4e35d1e92cee191106b496.jpg 84,0,640,617,0
00000115_jpg.rf.003d4f57cc07b74421baa0efb6c5ec0c.jpg 1,0,636,574,0
padi-blm-matang_43_jpg.rf.0279dff372113167cb54ea1510c974ae.jpg 2,0,637,638,0
padi-blm-matang_9_jpg.rf.0c6a7f5cc485dfcf6ae7266786a2f3b6.jpg 55,0,566,621,0
IMG_0332_JPG_jpg.rf.0119a5f7350cc8b58af0eac8a8eaea2b.jpg 0,6,610,640,0
00000150_jpg.rf.07f917f7388628651907bcf76861013d.jpg 0,0,639,639,1
VID-20211116-WA0022-mp4-frame00225_0016_jpg.rf.0bca8853c9c00a1d85ef5c95156ff614.jpg 114,451,225,640,1 275,451,370,601,1 395,350,481,492,1
IMG_0275_JPG_jpg.rf.0a2724aadfef5c810adff2ae0cc5ecc7.jpg 0,26,635,639,0
00000225_jpg.rf.0236be90bb62f733471d882a39ce2eac.jpg 0,0,639,639,0
VID-20211116-WA0022-mp4-frame00705_0048_jpg.rf.05ad909d8dbee61b319cc36afab7b6b1.jpg 11,402,61,504,1 100,477,241,640,1 288,438,375,637,1 388,438,431,640,1
VID_20211114_174507-mp4-frame00378_0043_jpg.rf.0590c32be9682ba40e993e6983d442d8.jpg 197,62,349,640,0
u-2688439559-4150615157-fm-253-fmt-auto-app-120-f-JPEG_jpg.rf.070fdef06f5d5807ced8afccae613846.jpg 0,15,620,639,1
00000263_jpg.rf.0148c041de9bc2d06143c71efb39f188.jpg 0,0,639,580,0
VID-20211116-WA0022-mp4-frame00975_0066_jpg.rf.024fdac6dfbd2b34fb9a5a8d04cd10ec.jpg 209,335,302,561,1 418,353,516,515,1
VID_20211114_174507-mp4-frame00198_0023_jpg.rf.0987ba3468da498ffcfb362262d09bbe.jpg 183,7,403,637,0
Cuplikan-layar-2023-10-24-145136_png_jpg.rf.03cf4e7eee9bec7cd1c4e24bee4ddcaa.jpg 280,0,639,639,1
IMG_20220221_165318_jpg.rf.067c415686dafb3d5b7fef08e4e86f95.jpg 329,196,433,600,0
VID-20211116-WA0022-mp4-frame00270_0019_jpg.rf.0618702e8726464b2ffa3f47eeaa2150.jpg 208,488,344,640,1 428,506,506,626,1 498,357,616,485,1
VID-20211116-WA0022-mp4-frame01095_0074_jpg.rf.021e2c162f3cb601b86964a9955f940f.jpg 92,493,223,639,1 414,377,521,525,1
00000139_jpg.rf.0a6fe7f79af30e125fa1ab0afd31de57.jpg 0,0,639,573,0
IMG_0312_JPG_jpg.rf.0806392322daf59645b3e46d1e5dfeb2.jpg 0,4,639,639,0
VID_20211114_174507-mp4-frame00414_0047_jpg.rf.0f724f8f465b9d6dba3d1dc4d29a4acf.jpg 191,80,359,637,0
IMG_20220221_163254_jpg.rf.078a4158c59fe8e3df3f482661650447.jpg 0,0,631,637,0
VID_20211114_174507-mp4-frame00315_0036_jpg.rf.0ec6d8a18a0a903cd82579d4d5a79be1.jpg 105,3,288,637,0
VID_20211114_174507-mp4-frame00153_0018_jpg.rf.0e41c940f5b906cdff52ab2c9e80a172.jpg 202,46,386,638,0
padi-blm-matang_12_jpg.rf.00d2841ad9723cf0ff22fed2f095a20b.jpg 6,0,617,639,0
u-2357467961-1653946705-fm-253-fmt-auto-app-138-f-JPEG_jpg.rf.0f2c3c78aab7fbb26ec34ca5f019f4ab.jpg 21,0,628,608,1
00000000_jpg.rf.04a12637fae821195aa7b0aa630f135a.jpg 1,1,640,640,0
VID_20211114_174507-mp4-frame00054_0007_jpg.rf.0eed21d511f0acb6126b4b0c05f78074.jpg 276,47,433,637,0
00000097_jpg.rf.1089e3d9e3f67dcbb5f1e0a55090e79e.jpg 0,79,639,557,0
VID_20211114_174507-mp4-frame00369_0042_jpg.rf.107a2aa340ac611a5ede63f58bf65411.jpg 150,31,367,638,0
VID-20211116-WA0022-mp4-frame00765_0052_jpg.rf.0fa746ca5d8d44522fd65497fb0aff19.jpg 332,497,402,640,1 414,546,484,638,1 130,369,238,502,1
u-2620053991-1113056352-fm-253-fmt-auto-app-138-f-JPEG_jpg.rf.10ccd2a35a084f3abc564f745e535f5a.jpg 6,1,639,639,1
VID_20211114_174507-mp4-frame00036_0005_jpg.rf.11703eed42a1e8f109e150cbdfe8d0f1.jpg 298,31,501,634,0
00000049_jpg.rf.12d9376191d5029723f4473082899494.jpg 1,0,638,638,0
IMG_20220221_165219_jpg.rf.0ef99176a7e39f4de84332fc77f6c0ac.jpg 1,1,636,638,0
u-2989108388-2893357252-fm-253-fmt-auto-app-138-f-JPEG_jpg.rf.11b368ba09852ee8ae847b87e265c30c.jpg 12,0,639,628,1
IMG_0272_JPG_jpg.rf.104e81f4f759d2fba758301dd28d2237.jpg 2,22,640,640,0
VID_20211114_174507-mp4-frame00171_0020_jpg.rf.14469d62dbe3c4824a5b0f75ac025c85.jpg 143,9,374,637,0
00000308_jpg.rf.15931ac2ae86cedc4102c96a2e0d7851.jpg 166,56,465,635,0
IMG_0326_JPG_jpg.rf.169c96a55f3b9479f532dd3a1cc72d92.jpg 1,0,638,617,0
00000016_jpg.rf.175b228d6a9d571a49402e43f5c2c93f.jpg 0,0,639,639,0
VID-20211116-WA0022-mp4-frame00510_0035_jpg.rf.16ca73391c3dc9dbfe56278b3c891fb9.jpg 166,277,303,545,1 373,310,516,513,1
00000159_jpg.rf.194648863036cfb075bc700144f86109.jpg 0,0,639,592,1
VID-20211116-WA0022-mp4-frame00930_0063_jpg.rf.15b68a335ec7f5aa69339c317e5048fb.jpg 234,342,308,435,1 246,391,328,579,1 441,322,543,496,1
VID_20211114_174507-mp4-frame00009_0002_jpg.rf.18eca86404ede02d672c33f72335c97a.jpg 258,18,435,638,0
VID-20211116-WA0022-mp4-frame00120_0009_jpg.rf.1bb425a7d7d2e4327b30f7d3f6cc5d7e.jpg 218,298,318,496,1 363,312,465,444,1 523,223,635,396,1
u-2818795758-2446846126-fm-253-fmt-auto-app-138-f-JPEG_jpg.rf.14cb1adbbdc1e872847d66e61d2b1587.jpg 50,9,573,437,1
IMG_0312_JPG_jpg.rf.1b4c61f77d244f2247fbcf4c20a555ef.jpg 12,0,639,619,0
IMG_0251_JPG_jpg.rf.1147985a04bcaa95cc40edc9d7a4d230.jpg 11,5,639,639,0
VID-20211116-WA0022-mp4-frame00075_0006_jpg.rf.1d6aff1e0ae4e39ce0dbb8acf2e89baa.jpg 157,358,251,529,1 315,375,405,523,1 506,311,599,452,1
IMG_0310_JPG_jpg.rf.179b01c56ffe0199d03fddc4c4ad5044.jpg 24,0,638,617,0
VID-20211116-WA0022-mp4-frame00555_0038_jpg.rf.160f133101f854fdf9179874600b032f.jpg 188,291,312,542,1 360,270,511,445,1
VID-20211116-WA0022-mp4-frame00480_0033_jpg.rf.1778f9538061ff063fb8f4b4229de6a6.jpg 181,397,291,640,1 358,372,525,559,1
IMG_0296_JPG_jpg.rf.1785fdf9cdb574102994f81ee9fce566.jpg 9,0,639,639,0
IMG_0332_JPG_jpg.rf.1df9bca2fface774ad114f57bda855cf.jpg 38,6,640,631,0
padi-blm-matang_38_jpg.rf.1d5b103c066ace2130ef6d60718e417d.jpg 1,1,634,637,0
u-2798791564-2131540822-fm-253-fmt-auto-app-138-f-JPEG_jpg.rf.1074cb9ca3dc6d5e033ff055cb56b167.jpg 19,5,639,639,1
VID-20211116-WA0022-mp4-frame00735_0050_jpg.rf.19600b2176a8066b8b2b9c5e992bd11c.jpg 16,419,149,539,1 334,454,408,639,1 425,472,475,633,1
VID-20211116-WA0022-mp4-frame00090_0007_jpg.rf.1e23f805c647607228d0fd48ecaceca6.jpg 223,354,299,538,1 352,346,465,491,1 523,225,640,385,1
u-4024073378-3947124172-fm-253-fmt-auto-app-138-f-JPEG_jpg.rf.1dbc3d02bdc4748413f99a9b953e5c02.jpg 18,235,609,543,1
u-4024073378-3947124172-fm-253-fmt-auto-app-138-f-JPEG_jpg.rf.15df35e01a62e6c687cde51cfd1474f7.jpg 12,230,615,588,1
IMG_20220221_163305_jpg.rf.188332703a2958130f034deb4b87af54.jpg 15,0,639,637,0
VID_20211114_174507-mp4-frame00162_0019_jpg.rf.1a45ff04138c505e0b4a3c2baff2cc65.jpg 235,50,343,406,0
u-3499856309-1055568489-fm-253-fmt-auto-app-138-f-JPEG_jpg.rf.1d608a9b8dec614073bb6962556d9326.jpg 32,12,639,639,1
VID_20211114_174507-mp4-frame00360_0041_jpg.rf.20371323cd6b7d8b8e303fc5d0634a84.jpg 147,0,326,637,0
VID-20211116-WA0022-mp4-frame00480_0033_jpg.rf.21d709afa7aae04293bcd827759024c7.jpg 182,394,293,640,1 380,366,525,563,1
VID-20211116-WA0022-mp4-frame00105_0008_jpg.rf.20478ca81148a857ef0b5f3381023720.jpg 203,301,303,482,1 361,312,454,457,1 522,223,640,373,1
IMG_0288_JPG_jpg.rf.20deba19d47d94946b339c8d27af6a2e.jpg 0,0,639,639,0
IMG_20220221_163305_jpg.rf.23a3b7f83647c039d159008468f53f2c.jpg 3,6,639,639,0
IMG_20220221_164054_jpg.rf.20bbabf95f6b8ffa247f989121e065b5.jpg 1,21,616,638,0
u-2254160746-2501844134-fm-253-fmt-auto-app-138-f-JPEG_jpg.rf.19054c943ab2edbbc92797036bea325b.jpg 3,11,613,593,1
u-2270790602-1808632345-fm-253-fmt-auto-app-120-f-JPEG_jpg.rf.28677d9d879dcfebeb33157ef62d998a.jpg 44,15,586,610,1
VID_20211114_174507-mp4-frame00405_0046_jpg.rf.27c70a8fdffc33d9b2b4228daa66c359.jpg 203,69,377,637,0
VID-20211116-WA0022-mp4-frame00405_0028_jpg.rf.27b6e94bf6ca4f47d14355d2a0c0f991.jpg 130,418,182,568,1 258,422,357,556,1
00000272_jpg.rf.247245305e1eebb35a17795261084b8a.jpg 1,0,638,638,0
u-1631137842-584457007-fm-253-fmt-auto-app-138-f-JPEG_jpg.rf.27b7669ac5e315854039b97fdb61a4c2.jpg 32,3,500,584,1
padi-blm-matang_29_jpg.rf.20eb66c5a9ed5ebb7ed2de2273461007.jpg 9,0,623,637,0
VID-20211116-WA0022-mp4-frame00060_0005_jpg.rf.2a189b726fe06dc75ce74656ab36997d.jpg 207,424,279,617,1 344,400,448,545,1 492,283,618,424,1
IMG_20220221_164054_jpg.rf.26521233588b3783b6b593f0216bde43.jpg 0,5,637,638,0
VID-20211116-WA0022-mp4-frame00390_0027_jpg.rf.259c4d62eaa6037ff38895deb8816b5a.jpg 75,436,135,595,1 191,412,314,531,1
IMG_0318_JPG_jpg.rf.27d2e29e231ff65f72862374d5604526.jpg 0,17,627,640,0
u-2543274160-1850219203-fm-253-fmt-auto-app-138-f-JPEG_jpg.rf.0fca6b00f882badc48afcd13a4a6de95.jpg 0,0,639,638,1
00000238_jpg.rf.21fb716679712ddde8b6e43a30a76f5b.jpg 0,3,639,611,1
IMG_0253_JPG_jpg.rf.2a762c5e7863a2ed580c8f33a09e834c.jpg 0,26,612,639,0
VID-20211116-WA0022-mp4-frame01005_0068_jpg.rf.1ea3ff29c754d792d58a710629535a72.jpg 199,348,292,589,1 404,368,514,534,1
IMG_0243_JPG_jpg.rf.255fda62bbcad39ec85f09bdad714513.jpg 1,0,638,634,0
VID_20211114_174507-mp4-frame00315_0036_jpg.rf.2a301cc17c057d885b657d44772585b6.jpg 95,0,274,640,0
VID-20211116-WA0022-mp4-frame00825_0056_jpg.rf.2b801456188667b4386f7bcbb1f68944.jpg 194,526,330,640,1 361,514,444,640,1 454,521,489,640,1
IMG_0278_JPG_jpg.rf.2ad0726cea01dc730be6dfc0af22dd6b.jpg 0,0,618,637,0
u-3540999105-1652784868-fm-253-fmt-auto-app-120-f-JPEG_jpg.rf.28a8055d28c1b896e09a739413f9607a.jpg 0,11,637,639,1
VID-20211116-WA0022-mp4-frame00060_0005_jpg.rf.285bf83fe89828d47bd769c287551c09.jpg 163,409,245,605,1 304,378,409,567,1 484,320,606,489,1
IMG_0251_JPG_jpg.rf.27bba89c382404151732316c0730d5b5.jpg 0,17,634,639,0
u-2144337963-2012798014-fm-253-fmt-auto-app-138-f-JPEG_jpg.rf.2c349379244535e0d15e79e4dd0eca09.jpg 7,0,639,639,1
VID_20211114_174507-mp4-frame00054_0007_jpg.rf.2c1667f3e8d5d5cea547f035950df413.jpg 259,45,464,638,0
IMG_0309_JPG_jpg.rf.2d82f33e01f5dd237fc03618566a1a3c.jpg 0,3,637,639,0
padi-blm-matang_23_jpg.rf.2b6b83a955c4ea31453a7aedcffa74c7.jpg 11,0,634,638,0
IMG_0275_JPG_jpg.rf.2de02871383ccdab3c90bd28e229eb56.jpg 0,0,627,637,0
u-4024073378-3947124172-fm-253-fmt-auto-app-138-f-JPEG_jpg.rf.292ca6362febb68689992eb1cb6c0fb7.jpg 251,13,637,639,1
VID-20211116-WA0022-mp4-frame00555_0038_jpg.rf.29b2fe286a2fa63424c858d5d57a7ab1.jpg 185,290,323,538,1 390,260,515,425,1
00000060_jpg.rf.2e311d55f83aff70b5ac15b131452b70.jpg 4,0,638,601,0
u-1546966892-3200256162-fm-253-fmt-auto-app-138-f-JPEG_jpg.rf.2ed9d72572949d433e05614e9ee20c1a.jpg 9,73,633,637,1
u-1479536019-1519778666-fm-253-fmt-auto-app-138-f-JPEG_jpg.rf.38bda183066f8b653c0a0942335e1a81.jpg 2,21,550,639,1
IMG_20220221_165219_jpg.rf.30231d6ef83ce275629ac05b556dccf0.jpg 0,7,636,639,0
IMG_20220221_163551_jpg.rf.39bfd2e4014986228ea2f0b6067a7ab1.jpg 9,4,639,638,0
VID-20211116-WA0022-mp4-frame00630_0043_jpg.rf.35b2396f63a754a0def22bf52cc7aebf.jpg 2,338,128,566,1 142,356,294,549,1 452,306,532,495,1
VID_20211114_174507-mp4-frame00297_0034_jpg.rf.2f59fc60e90d75b98b185d6aa623a386.jpg 96,0,289,640,0
u-3026580605-2191761845-fm-253-fmt-auto-app-138-f-JPEG_jpg.rf.306462b0168fbffbb1a1e13f17683f76.jpg 0,16,619,634,1
IMG_0246_JPG_jpg.rf.2f2810bdd3de28360f339cb947bdfaa2.jpg 0,0,640,640,0
VID-20211116-WA0022-mp4-frame00210_0015_jpg.rf.2d626943dba94e373608437d391ba797.jpg 127,433,235,637,1 254,413,351,553,1 374,322,459,454,1
VID-20211116-WA0022-mp4-frame00840_0057_jpg.rf.31775d9888d329267a9964e685e2ff69.jpg 407,504,484,629,1 230,488,294,640,1
00000061_jpg.rf.301df4179893fe470f7b5a5771e18f69.jpg 0,0,639,639,0
VID-20211116-WA0022-mp4-frame01035_0070_jpg.rf.311f545e74b31485d81595b07b2a0c5c.jpg 129,369,248,621,1 363,408,454,590,1
IMG_0317_JPG_jpg.rf.38e46a566a1ef955faead3c939e0a7fa.jpg 15,17,636,639,0
00000078_jpg.rf.2dfb8c37f703afcbf0388da7aeee897f.jpg 0,0,639,639,0
paddy-field-autumn-11891800_jpg.rf.2ea1ab7e41d65fbf52669ff2fe8c07ed.jpg 2,4,638,590,1
IMG_20220221_163310_jpg.rf.340536fee6454f9d7b72ef834d97407e.jpg 0,0,639,639,0
00000179_jpg.rf.3796b549c704edbe970392334f36d8ca.jpg 0,0,639,639,1
Screenshot_2023_1021_214154_png_jpg.rf.3497fc20c9a906c4513f70ecf91708fa.jpg 198,227,387,511,1
00000003_jpeg_jpg.rf.3686e82f8218853a8a51416b676ff747.jpg 0,0,639,639,0
VID_20211114_174507-mp4-frame00234_0027_jpg.rf.2ee521340e397574debda4146a11d6ea.jpg 156,3,345,637,0
IMG_0242_JPG_jpg.rf.347251fed5d7b8fca86bf7d46e2ded63.jpg 72,18,640,640,0
VID-20211116-WA0022-mp4-frame00300_0021_jpg.rf.3a29ecaf61fe69b646c0dd12bffbf96b.jpg 101,506,251,640,1 336,522,420,637,1 388,370,513,501,1
Cuplikan-layar-2023-10-24-145450_png_jpg.rf.3a0aa559cc85455391f55ea0ac9423d7.jpg 0,0,639,639,1
00000099_jpg.rf.397d688ae695eba01003c6e0fced327c.jpg 5,187,630,640,1
VID-20211116-WA0022-mp4-frame00135_0010_jpg.rf.3a894ecdf29fbd5828dd248dd5ddf898.jpg 220,309,341,516,1 384,302,470,434,1 500,195,618,337,1
IMG_0253_JPG_jpg.rf.3be14480ee3f11ee3a2ccfaa49a1b127.jpg 15,0,639,635,0
IMG_0291_JPG_jpg.rf.3cb83dc4efd53e1cf26b878e6d8a650f.jpg 31,6,639,630,0
u-3622363264-114413012-fm-253-fmt-auto-app-138-f-JPEG_jpg.rf.3c449ecb50971bf1e03e62c371774b08.jpg 132,0,585,502,1 2,4,302,304,1
00000264_jpg.rf.409eb27dc79ae688f978cd139449edb6.jpg 0,23,639,570,0
VID-20211116-WA0022-mp4-frame00570_0039_jpg.rf.3b8a5fd49ad69065d92d2e0eb48edfd2.jpg 104,359,206,617,1 266,296,427,473,1 456,134,628,332,1
u-2499645509-3339579368-fm-253-fmt-auto-app-138-f-JPEG_jpg.rf.3eb0d17f7dabcb37fda6140024e66915.jpg 12,0,639,616,1
IMG_20220221_163551_jpg.rf.3e6b390e77b837c6264af919de59d688.jpg 0,0,639,638,0
u-2688439559-4150615157-fm-253-fmt-auto-app-120-f-JPEG_jpg.rf.3d5e55707309a0c6413cc5897673c36a.jpg 0,0,639,639,1
VID-20211116-WA0022-mp4-frame00615_0042_jpg.rf.3f8a32e2c6338be96482bc6ce4426b1b.jpg 128,379,289,559,1 363,225,512,436,1
IMG_0244_JPG_jpg.rf.3cf4ab13914e37e82349b50207a3cc79.jpg
IMG_0283_JPG_jpg.rf.4292ce4745440ce2d9d771b9f5707742.jpg 250,54,636,553,0
VID-20211116-WA0022-mp4-frame00510_0035_jpg.rf.41212604060f43fc61e85900574869d2.jpg 215,330,357,574,1 410,293,542,457,1
00000007_jpg.rf.3cd445b4a707ba5a00cff6243d20843e.jpg 0,21,639,600,1
u-4102236721-2577562983-fm-224-app-112-f-JPEG_jpg.rf.40bdf99d805d60409a95d7dccf4b3cc7.jpg 217,232,588,599,1
Screenshot_2023_1021_212849_png_jpg.rf.409f67aa301f95a6c46c5d456219ad02.jpg 84,0,633,624,1
IMG_20220221_163305_jpg.rf.41df0ef6dd94e06591bc86a41d9f952f.jpg 0,2,620,639,0
u-3745614994-755617246-fm-253-fmt-auto-app-138-f-JPEG_jpg.rf.4242445cf34b0933e3462981c4917d29.jpg 0,0,639,639,1
VID-20211116-WA0022-mp4-frame00015_0002_jpg.rf.4067f390f4bd3167bd2ba006ad104c3a.jpg 0,0,639,639,1
VID-20211116-WA0022-mp4-frame00195_0014_jpg.rf.4268153e7964ad662a82730bf9f8f8a4.jpg 183,440,291,640,1 307,377,405,567,1 418,327,514,455,1
VID-20211116-WA0022-mp4-frame00015_0002_jpg.rf.3dba0f3ef2e3a99bd3c0b48cf7e069e0.jpg 0,0,638,638,1
VID_20211114_174507-mp4-frame00324_0037_jpg.rf.3ee91cd1dc368a8836d32a4aa587fa00.jpg 11,3,286,640,0
VID_20211114_174507-mp4-frame00342_0039_jpg.rf.44b3aa2c2430e2ae02cb4f6dce305067.jpg 11,17,371,640,0
Cuplikan-layar-2023-10-24-144643_png_jpg.rf.3590a8eba1334eabd3297d0f201a33ae.jpg 0,0,604,639,1
padi-blm-matang_6_jpg.rf.47b3f2e1d4044a94e9fa88ef3c7122e5.jpg 5,0,635,622,0
u-1807842158-2924341470-fm-253-fmt-auto-app-138-f-JPEG_jpg.rf.434073c8b0b898c7f36295fc67134844.jpg 0,0,629,632,1
IMG_0247_JPG_jpg.rf.4104487b601e269423ceb37e7039529f.jpg 0,3,638,639,0
Screenshot_2023_1021_234139_png_jpg.rf.455064fdfd255bff8e95750f6f1e56c5.jpg 1,1,640,640,1
VID_20211114_174507-mp4-frame00396_0045_jpg.rf.45210ddb9502a9d9029fe62304916292.jpg 185,83,432,637,0
padi-blm-matang_28_jpg.rf.45a80c008c1c3c8c7fc2cbabf6bee095.jpg 1,3,640,640,0
IMG_0312_JPG_jpg.rf.3f7fd00295d3bf9872c8ed6e6afe3802.jpg 3,13,638,639,0
VID-20211116-WA0022-mp4-frame00000_0001_jpg.rf.481cf1b0f340a5e283277dd1a39f1596.jpg 0,1,638,636,1
00000110_jpg.rf.4b087a5a80a235f6214648dfcd3bde33.jpg 126,45,444,640,1 0,296,307,639,1 268,0,510,390,1
IMG_0285_JPG_jpg.rf.466927721a037137edc3499c66378201.jpg 299,114,441,532,0
00000182_jpg.rf.473fa9f95f0fb903540de1d0bcf04d21.jpg 0,0,640,627,0
IMG_0285_JPG_jpg.rf.489b6c109b5c46c96ee7b03077f4d875.jpg 143,102,283,517,0
IMG_0310_JPG_jpg.rf.4a5b3877a465bbecc1fbbab770f8945b.jpg 4,21,638,639,0
IMG_0318_JPG_jpg.rf.4c018ff24e89c7f7671f2b20e1bfbde1.jpg 24,5,639,640,0
VID_20211114_174507-mp4-frame00396_0045_jpg.rf.4c8450745744b4230290ab91da57b08a.jpg 174,91,424,638,0
00000019_jpg.rf.4db1463a4b338be2675c8108a4bb9489.jpg 0,0,639,639,1
VID-20211116-WA0022-mp4-frame00165_0012_jpg.rf.48593f95aa75549b65c01990c11cef13.jpg 213,367,315,550,1 342,378,436,509,1 481,289,570,444,1
VID-20211116-WA0022-mp4-frame01035_0070_jpg.rf.4ae3cbde27504517c5db24f0a6cf1d34.jpg 195,387,284,640,1 383,379,503,558,1
u-3378219769-3634350746-fm-253-fmt-auto-app-138-f-JPEG_jpg.rf.4ba787b9bcb7aa079ae37e118155fc9d.jpg 88,47,420,640,1
padi-blm-matang_40_jpg.rf.4cf66090f7399545c9137cac82121f28.jpg 1,0,637,638,0
u-1877717166-4067945151-fm-253-fmt-auto-app-138-f-JPEG_jpg.rf.5076da0eabadf69ee21a1f78884f7d7f.jpg 0,31,613,639,1
IMG_0285_JPG_jpg.rf.5067dd72dcd57dcf00f49af06927403a.jpg 194,147,349,538,0
VID-20211116-WA0022-mp4-frame00585_0040_jpg.rf.4c89273f8a3cee70bca2fe7cf0ed8d4a.jpg 33,370,152,590,1 231,315,368,491,1 451,200,623,393,1
u-2268885068-3263671004-fm-253-fmt-auto-app-120-f-JPEG_jpg.rf.4fb6357af9fe6126449c9f5bbfad548b.jpg 84,476,412,607,1
00000013_jpg.rf.4aa9666f0a968d8f1ffd5e7c08becc01.jpg 0,0,639,639,1
u-2948743123-364809933-fm-253-fmt-auto-app-138-f-JPEG_jpg.rf.4c42a4169096136da5c5c0b75226feb8.jpg 1,9,639,639,1
00000149_jpg.rf.51fb38a7c2a6e819526ac58beb6008cd.jpg 81,132,574,534,1
u-3847103674-207917050-fm-253-fmt-auto-app-138-f-PNG_jpg.rf.4e1f84063955ed65c6a83180b97f3db9.jpg 10,4,639,639,1
u-3694272935-2560295317-fm-253-fmt-auto-app-138-f-JPEG_jpg.rf.4e34115534aca7f3f914584e208aee99.jpg 0,0,639,639,1
Cuplikan-layar-2023-10-24-144709_png_jpg.rf.4eecc04c975c193ed0025aba2d6cdea8.jpg 0,0,609,639,1
IMG_0328_JPG_jpg.rf.4e4d1ce3868eef2ab9f274222f7f0cac.jpg 7,20,637,637,0
VID_20211114_174507-mp4-frame00189_0022_jpg.rf.4d09f240985270b1ab2d47405aa23158.jpg 247,6,344,316,0
padi-blm-matang_44_jpg.rf.524f596568b0bc7882ede4d7fcd49fab.jpg 1,0,637,638,0
IMG_0251_JPG_jpg.rf.4b25eb02f21a36a2f90c9fd2f2234bd8.jpg 0,0,639,639,0
IMG_20220221_163010_jpg.rf.54edd70c6932772728c33fd70013d52b.jpg 20,260,607,384,0
VID_20211114_174507-mp4-frame00036_0005_jpg.rf.533f201c51a282dcd429bd7dccfca6df.jpg 296,19,504,634,0
00000160_jpg.rf.54e81089217457b65477526d6785d358.jpg 0,0,639,639,0
IMG_0252_JPG_jpg.rf.49681946cf87c5a926a96059241b7fd4.jpg 20,1,638,626,0
IMG_0326_JPG_jpg.rf.55611ccf40895fa94bf29583af86acc7.jpg 0,9,622,639,0
IMG_0274_JPG_jpg.rf.56016cc2de128d677c8c85529ab1c592.jpg 0,24,639,639,0
u-1128810197-2932493-fm-253-fmt-auto-app-138-f-JPEG_jpg.rf.54a0336f489c13f1d0423f11fc03d5be.jpg 4,20,443,522,1
00000008_jpg.rf.52cbd92b7ff0102e0b07c91b20b0cc72.jpg 1,1,640,640,0
VID-20211116-WA0022-mp4-frame00240_0017_jpg.rf.59348cec0c05d0a841f755e2a2f17aff.jpg 102,437,224,625,1 285,467,383,640,1 403,385,518,535,1
00000030_jpg.rf.581043b74ca26bd5997b3ce5acd82129.jpg 0,164,639,639,1
padi-blm-matang_19_jpg.rf.5347fa1a76fdd59df986c42409ba514e.jpg 79,1,624,640,0
padi-blm-matang_25_jpg.rf.5b0d81da76e96bc204a6d5436f9f73b2.jpg 4,0,194,357,0 412,21,527,621,0
00000004_jpeg_jpg.rf.563851aba7608be1ad27dca9c3dca1aa.jpg 0,0,639,639,1
VID_20211114_174507-mp4-frame00072_0009_jpg.rf.588ec5be654ce0cf53802c1a38a5e8e7.jpg 274,36,429,638,0
VID_20211114_174507-mp4-frame00234_0027_jpg.rf.5a0839921091cce8b346fa29d644f2d4.jpg 218,0,307,222,0
00000095_jpg.rf.59fb6a8b4af4b850e63f501edba4706c.jpg 1,0,638,638,0
u-2377069024-929818938-fm-253-fmt-auto-app-138-f-JPEG_jpg.rf.571cbbd2196fc1328b3ff32f99ed4021.jpg 30,5,563,640,1
IMG_0314_JPG_jpg.rf.59bcb28311fd3733fa1238ea5498d8c3.jpg 1,0,623,615,0
VID-20211116-WA0022-mp4-frame00705_0048_jpg.rf.5c36748b3480fa606f1ce07e2f0fcbc1.jpg 67,318,175,478,1 66,472,233,603,1 257,454,340,633,1 346,458,400,637,1
VID-20211116-WA0022-mp4-frame00105_0008_jpg.rf.5b9c35b56a1ea2b068b92bab17ee0056.jpg 212,298,325,480,1 361,303,455,454,1 525,219,640,376,1
00000021_JPG_jpg.rf.563529a302713d611f031e7e87718250.jpg 0,0,639,639,0
padi-blm-matang_16_jpg.rf.5c7ac5a03f36bf6379c6dfa76a0d6b4c.jpg 40,0,524,638,0
VID-20211116-WA0022-mp4-frame00165_0012_jpg.rf.5ab2b40313b374b8509bbc96c83ee2cd.jpg 226,371,334,559,1 372,359,452,517,1 488,265,581,423,1
00000147_jpg.rf.5a48d936f14a796ff1f629c7797f0c40.jpg 0,0,639,589,1
VID_20211114_174507-mp4-frame00450_0051_jpg.rf.5c965e4003d3886e0feaf47a8ec39db9.jpg 187,123,388,638,0
VID_20211114_174507-mp4-frame00162_0019_jpg.rf.56b72873a8c7ee893ca6135f8421e44c.jpg 139,33,394,637,0
VID-20211116-WA0022-mp4-frame00240_0017_jpg.rf.5d67a3b9388016abe3935c19a13214e0.jpg 118,459,230,640,1 271,479,402,639,1 421,374,528,521,1
IMG_0253_JPG_jpg.rf.542a6c16482e115ec635895a37595b89.jpg 6,21,639,638,0
00000027_jpg.rf.5d5b1f3e02e5da71768ecbf56e276f2d.jpg 173,66,509,527,1
VID-20211116-WA0022-mp4-frame00960_0065_jpg.rf.5a611d5e66806ac0ea711d246e9db08d.jpg 50,302,104,529,1 199,317,318,550,1 409,360,501,520,1
VID-20211116-WA0022-mp4-frame00120_0009_jpg.rf.5de468f07f0ce179b9cc8709531f6395.jpg 213,303,330,489,1 369,314,462,444,1 538,211,640,383,1
Cuplikan-layar-2023-10-24-145426_png_jpg.rf.5df3c9e4164981df62462bd98156f38c.jpg 0,0,639,639,1
VID_20211114_174507-mp4-frame00387_0044_jpg.rf.5dbad9774d1a6b7bc6607c4b56ae88f9.jpg 208,78,357,638,0
IMG_0244_JPG_jpg.rf.5e7b9b39bbda334e6bfef3198a8c3e34.jpg 201,240,638,601,0
Cuplikan-layar-2023-10-24-144756_png_jpg.rf.5da4458c2ef8ddc68b7f27ca081c6d39.jpg 0,0,601,627,1
00000096_jpg.rf.5b7a049bf0c224715001d3bb053d8c6f.jpg 0,0,639,639,1
VID-20211116-WA0022-mp4-frame00165_0012_jpg.rf.5ede1be1267460487df328fc60fc9731.jpg 227,373,331,579,1 351,361,450,515,1 491,273,579,408,1
IMG_20220221_163551_jpg.rf.5ec2902587d1363ed2b9316a80c0c65f.jpg 0,0,636,639,0
Screenshot_2023_1021_215520_png_jpg.rf.5f33c5a2e9133ddba3bed2f0e02e57ff.jpg 1,0,639,638,1
u-1844446434-362552347-fm-253-fmt-auto-app-120-f-JPEG_jpg.rf.60d565284db286843ad0f3cc8af75dde.jpg 138,133,248,252,1
00000101_jpg.rf.6167099ba7d6f518e9358bc41558f2a3.jpg 0,0,639,639,0
VID-20211116-WA0022-mp4-frame00720_0049_jpg.rf.5ed0efafe610592f89ea1cce2e7e589c.jpg 120,324,183,442,1 0,353,90,464,1 99,454,244,609,1 271,431,343,640,1 357,452,420,640,1
VID-20211116-WA0022-mp4-frame00015_0002_jpg.rf.5ff9c80eac07f132f7d05537466cb227.jpg 0,0,639,639,1
VID-20211116-WA0022-mp4-frame01080_0073_jpg.rf.61d1c44a10ef7f71c1ba68d9fc2e9bdd.jpg 163,455,298,638,1 351,474,460,637,1 499,336,623,494,1
VID_20211114_174507-mp4-frame00450_0051_jpg.rf.62c43afc1f3273ea841e0e239dee62ee.jpg 194,137,392,638,0
00000054_jpg.rf.60c2cd253618a6d56e1c824f35a2aa9d.jpg 0,0,639,639,0
00000015_jpg.rf.62da0ae39fe0e6db5ec7015916630f20.jpg 1,1,638,636,0
IMG_0275_JPG_jpg.rf.5ea45fc5d179aa77cdc84ff1e66812c1.jpg 0,0,627,633,0
VID-20211116-WA0022-mp4-frame00510_0035_jpg.rf.618e6fa1b467f6efbecbc36e448d0a74.jpg 173,290,290,550,1 371,324,505,536,1
VID-20211116-WA0022-mp4-frame00315_0022_jpg.rf.656f74b0eff38e022c694a4b2df6ecb2.jpg 97,508,246,640,1 318,504,410,640,1 254,369,313,499,1 404,378,522,513,1
VID-20211116-WA0022-mp4-frame00225_0016_jpg.rf.627a7dd9ad943666b2d9f0456d457609.jpg 64,432,186,622,1 241,451,329,599,1 378,359,462,509,1
IMG_0310_JPG_jpg.rf.63d32ba79d08f38c10f2bfc7358cf42c.jpg 0,4,634,639,0
VID-20211116-WA0022-mp4-frame00270_0019_jpg.rf.634c2ba02fcd643e02a8a0fccd19d80a.jpg 180,477,311,640,1 401,496,490,640,1 481,370,611,522,1
IMG_0317_JPG_jpg.rf.6327a11d4ab33e0b35959486cf6747c6.jpg 2,38,640,640,0
VID_20211114_174507-mp4-frame00180_0021_jpg.rf.65bcac71bca9628e48f1746fe4839f17.jpg 187,6,383,638,0
00000001_jpg.rf.65891248df6033be1fb0bc03554405fd.jpg 0,2,640,640,1
00000188_jpg.rf.67ba6e3dfadd64a258ba6beec886ab28.jpg 248,20,576,640,1
VID-20211116-WA0022-mp4-frame00405_0028_jpg.rf.637225a6753185b8167c143f0b288191.jpg 123,427,186,572,1 255,416,361,568,1
IMG_0299_JPG_jpg.rf.62c1d6eb5f8c73b23e8cffeac9e523c6.jpg 1,0,639,628,0
IMG_0332_JPG_jpg.rf.643827397e04033a47575753d56b0257.jpg 57,1,640,632,0
VID-20211116-WA0022-mp4-frame00390_0027_jpg.rf.66615a19a61745b29860fda91b210daf.jpg 18,417,83,581,1 161,414,276,555,1
IMG_20220221_165219_jpg.rf.65664c97dc51a3c194387e5a8d38b7e7.jpg 0,6,639,639,0
VID-20211116-WA0022-mp4-frame00570_0039_jpg.rf.65c4688d8fb2c679870bac05e27e5f81.jpg 76,270,135,376,1 62,333,184,547,1 312,307,406,477,1 479,214,629,382,1
Cuplikan-layar-2023-10-24-144152_png_jpg.rf.6322ad12bcbbaacf4c6acbb9ce31aee9.jpg 0,12,639,636,1
IMG_0244_JPG_jpg.rf.65738b51efa3627ca13a02c1a04aea83.jpg 0,1,640,640,0
VID-20211116-WA0022-mp4-frame00225_0016_jpg.rf.674759b3077d6154d2d4cc09a392dcc4.jpg 109,460,226,640,1 297,468,364,586,1 391,352,481,489,1